a.b.c.d.  SD_OK *24 7 11 9 25 1, 24 7 11 9 25 0, 4, 0, 0, 661, 27.5, 
4thisMin / rtMin: 37 / 37
a.b.c.d.  SD_OK *24 7 11 9 26 1, 24 7 11 9 26 0, 5, 0, 0, 663, 27.5, 
5thisMin / rtMin: 38 / 38
a.b.c.d.  SD_OK *24 7 11 9 27 1, 24 7 11 9 27 0, 6, 0, 0, 663, 27.6, 
6thisMin / rtMin: 39 / 39
a.b.c.d.  SD_OK *24 7 11 9 28 1, 24 7 11 9 28 0, 7, 0, 0, 665, 27.6, 
7thisMin / rtMin: 40 / 40
a.b.c.d.  SD_OK *24 7 11 9 29 1, 24 7 11 9 29 0, 8, 0, 0, 657, 27.7, 
8thisMin / rtMin: 41 / 41
a.b.c.d.  SD_OK *24 7 11 9 30 1, 24 7 11 9 30 0, 9, 0, 0, 666, 27.8, 
9thisMin / rtMin: 48 / 48
a.b.c.d.  SD_OK *24 7 11 9 31 1, 24 7 11 9 31 0, 10, 0, 0, 666, 27.8, 
10thisMin / rtMin: 49 / 49
a.b.c.d.  SD_OK *24 7 11 9 32 1, 24 7 11 9 32 0, 11, 0, 0, 670, 27.8, 
11thisMin / rtMin: 50 / 50
a.b.c.d.  SD_OK *24 7 11 9 33 1, 24 7 11 9 33 0, 12, 0, 0, 657, 27.9, 
12thisMin / rtMin: 51 / 51
a.b.c.d.  SD_OK *24 7 11 9 34 1, 24 7 11 9 34 0, 13, 0, 0, 663, 27.9, 
13thisMin / rtMin: 52 / 52
a.b.c.d.  SD_OK *24 7 11 9 35 1, 24 7 11 9 35 0, 14, 0, 0, 666, 27.10, 
14thisMin / rtMin: 53 / 53
a.b.c.d.  SD_OK *24 7 11 9 36 1, 24 7 11 9 36 0, 15, 0, 0, 664, 27.10, 
15thisMin / rtMin: 54 / 54
a.b.c.d.  SD_OK *24 7 11 9 37 1, 24 7 11 9 37 0, 16, 0, 0, 653, 27.10, 
16thisMin / rtMin: 55 / 55
a.b.c.d.  SD_OK *24 7 11 9 38 1, 24 7 11 9 38 0, 17, 0, 0, 661, 27.10, 
17thisMin / rtMin: 56 / 56
a.b.c.d.  SD_OK *24 7 11 9 39 1, 24 7 11 9 39 0, 18, 1, 0, 687, 27.10, 
18thisMin / rtMin: 57 / 57
a.b.c.d.  SD_OK *24 7 11 9 40 1, 24 7 11 9 40 0, 19, 0, 0, 662, 27.11, 
19thisMin / rtMin: 64 / 64
a.b.c.d.  SD_OK *24 7 11 9 41 1, 24 7 11 9 41 0, 20, 0, 0, 665, 27.11, 
20thisMin / rtMin: 65 / 65
a.b.c.d.  SD_OK *24 7 11 9 42 1, 24 7 11 9 42 0, 21, 0, 0, 657, 27.11, 
21thisMin / rtMin: 66 / 66
a.b.c.d.  SD_OK *24 7 11 9 43 1, 24 7 11 9 43 0, 22, 0, 0, 659, 27.11, 
22thisMin / rtMin: 67 / 67
a.b.c.d.  SD_OK *24 7 11 9 44 1, 24 7 11 9 44 0, 23, 0, 0, 663, 27.11, 
23thisMin / rtMin: 68 / 68
a.b.c.d.  SD_OK *24 7 11 9 45 1, 24 7 11 9 45 0, 24, 0, 0, 662, 27.11, 
24thisMin / rtMin: 69 / 69
a.b.c.d.  SD_OK *24 7 11 9 46 1, 24 7 11 9 46 0, 25, 0, 0, 659, 27.12, 
25thisMin / rtMin: 70 / 70
a.b.c.d.  SD_OK *24 7 11 9 47 1, 24 7 11 9 47 0, 26, 0, 0, 675, 27.11, 
26thisMin / rtMin: 71 / 71
a.b.c.d.  SD_OK *24 7 11 9 48 1, 24 7 11 9 48 0, 27, 0, 0, 661, 27.12, 
27thisMin / rtMin: 72 / 72
a.b.c.d.  SD_OK *24 7 11 9 49 1, 24 7 11 9 49 0, 28, 0, 0, 658, 27.12, 
28thisMin / rtMin: 73 / 73
a.b.c.d.  SD_OK *24 7 11 9 50 1, 24 7 11 9 50 0, 29, 0, 0, 663, 27.12, 
29thisMin / rtMin: 80 / 80
a.b.c.d.  SD_OK *24 7 11 9 51 1, 24 7 11 9 51 0, 30, 0, 0, 669, 27.12, 
30thisMin / rtMin: 81 / 81
a.b.c.d.  SD_OK *24 7 11 9 52 1, 24 7 11 9 52 0, 31, 0, 0, 658, 27.12, 
31thisMin / rtMin: 82 / 82
a.b.c.d.  SD_OK *24 7 11 9 53 1, 24 7 11 9 53 0, 32, 0, 0, 661, 27.12, 
32thisMin / rtMin: 83 / 83
a.b.c.d.  SD_OK *24 7 11 9 54 1, 24 7 11 9 54 0, 33, 0, 0, 664, 27.12, 
33thisMin / rtMin: 84 / 84
a.b.c.d.  SD_OK *24 7 11 9 55 1, 24 7 11 9 55 0, 34, 0, 0, 662, 27.13, 
34thisMin / rtMin: 85 / 85
a.b.c.d.  SD_OK *24 7 11 9 56 1, 24 7 11 9 56 0, 35, 0, 0, 660, 27.13, 
35thisMin / rtMin: 86 / 86
a.b.c.d.  SD_OK *24 7 11 9 57 1, 24 7 11 9 57 0, 36, 0, 0, 660, 27.13, 
36thisMin / rtMin: 87 / 87
a.b.c.d.  SD_OK *24 7 11 9 58 1, 24 7 11 9 58 0, 37, 0, 0, 660, 27.13, 
37thisMin / rtMin: 88 / 88
a.b.c.d.  SD_OK *24 7 11 9 59 1, 24 7 11 9 59 0, 38, 0, 0, 661, 27.13, 
38thisMin / rtMin: 89 / 89
a.b.c.d.  SD_OK *24 7 11 10 0 1, 24 7 11 10 0 0, 39, 0, 0, 661, 27.13, 
39thisMin / rtMin: 0 / 0
a.b.c.d.  SD_OK *24 7 11 10 1 1, 24 7 11 10 1 0, 40, 0, 0, 661, 27.13, 
40thisMin / rtMin: 1 / 1
a.b.c.d.  SD_OK *24 7 11 10 2 1, 24 7 11 10 2 0, 41, 0, 0, 663, 27.13, 
41thisMin / rtMin: 2 / 2
a.b.c.d.  SD_OK *24 7 11 10 3 1, 24 7 11 10 3 0, 42, 0, 0, 661, 27.13, 
42thisMin / rtMin: 3 / 3
a.b.c.d.  SD_OK *24 7 11 10 4 1, 24 7 11 10 4 0, 43, 0, 0, 664, 27.13, 
43thisMin / rtMin: 4 / 4
a.b.c.d.  SD_OK *24 7 11 10 5 1, 24 7 11 10 5 0, 44, 0, 0, 675, 27.14, 
44thisMin / rtMin: 5 / 5
a.b.c.d.  SD_OK *24 7 11 10 6 1, 24 7 11 10 6 0, 45, 0, 0, 659, 27.14, 
45thisMin / rtMin: 6 / 6
a.b.c.d.  SD_OK *24 7 11 10 7 1, 24 7 11 10 7 0, 46, 0, 0, 661, 27.14, 
46thisMin / rtMin: 7 / 7
a.b.c.d.  SD_OK *24 7 11 10 8 1, 24 7 11 10 8 0, 47, 0, 0, 658, 27.14, 
47thisMin / rtMin: 8 / 8
a.b.c.d.  SD_OK *24 7 11 10 9 1, 24 7 11 10 9 0, 48, 0, 0, 669, 27.14, 
48thisMin / rtMin: 9 / 9
a.b.c.d.  SD_OK *24 7 11 10 10 1, 24 7 11 10 10 0, 49, 0, 0, 663, 27.14, 
49thisMin / rtMin: 16 / 16
a.b.c.d.  SD_OK *24 7 11 10 11 1, 24 7 11 10 11 0, 50, 0, 0, 663, 27.14, 
50thisMin / rtMin: 17 / 17
a.b.c.d.  SD_OK *24 7 11 10 12 1, 24 7 11 10 12 0, 51, 0, 0, 658, 27.14, 
51thisMin / rtMin: 18 / 18
a.b.c.d.  SD_OK *24 7 11 10 13 1, 24 7 11 10 13 0, 52, 0, 0, 656, 27.15, 
52thisMin / rtMin: 19 / 19
a.b.c.d.  SD_OK *24 7 11 10 14 1, 24 7 11 10 14 0, 53, 0, 0, 659, 27.15, 
53thisMin / rtMin: 20 / 20
a.b.c.d.  SD_OK *24 7 11 10 15 1, 24 7 11 10 15 0, 54, 0, 0, 653, 27.14, 
54thisMin / rtMin: 21 / 21
a.b.c.d.  SD_OK *24 7 11 10 16 1, 24 7 11 10 16 0, 55, 0, 0, 655, 27.15, 
55thisMin / rtMin: 22 / 22
a.b.c.d.  SD_OK *24 7 11 10 17 1, 24 7 11 10 17 0, 56, 0, 0, 661, 27.15, 
56thisMin / rtMin: 23 / 23
a.b.c.d.  SD_OK *24 7 11 10 18 1, 24 7 11 10 18 0, 57, 0, 0, 657, 27.15, 
57thisMin / rtMin: 24 / 24
a.b.c.d.  SD_OK *24 7 11 10 19 1, 24 7 11 10 19 0, 58, 0, 0, 658, 27.15, 
58thisMin / rtMin: 25 / 25
a.b.c.d.  SD_OK *24 7 11 10 20 1, 24 7 11 10 20 0, 59, 0, 0, 654, 27.15, 
59thisMin / rtMin: 32 / 32
a.b.c.d.  SD_OK *24 7 11 10 21 1, 24 7 11 10 21 0, 60, 0, 0, 656, 28.0, 
60thisMin / rtMin: 33 / 33
a.b.c.d.  SD_OK *24 7 11 10 22 1, 24 7 11 10 22 0, 61, 0, 0, 656, 28.0, 
61thisMin / rtMin: 34 / 34
a.b.c.d.  SD_OK *24 7 11 10 23 1, 24 7 11 10 23 0, 62, 0, 0, 656, 28.0, 
62thisMin / rtMin: 35 / 35
a.b.c.d.  SD_OK *24 7 11 10 24 1, 24 7 11 10 24 0, 63, 0, 0, 653, 28.0, 
63thisMin / rtMin: 36 / 36
a.b.c.d.  SD_OK *24 7 11 10 25 1, 24 7 11 10 25 0, 64, 0, 0, 649, 28.0, 
64thisMin / rtMin: 37 / 37
a.b.c.d.  SD_OK *24 7 11 10 26 1, 24 7 11 10 26 0, 65, 0, 0, 651, 28.0, 
65thisMin / rtMin: 38 / 38
a.b.c.d.  SD_OK *24 7 11 10 27 1, 24 7 11 10 27 0, 66, 0, 0, 651, 28.0, 
66thisMin / rtMin: 39 / 39
a.b.c.d.  SD_OK *24 7 11 10 28 1, 24 7 11 10 28 0, 67, 0, 0, 652, 28.0, 
67thisMin / rtMin: 40 / 40
a.b.c.d.  SD_OK *24 7 11 10 29 1, 24 7 11 10 29 0, 68, 0, 0, 655, 28.0, 
68thisMin / rtMin: 41 / 41
a.b.c.d.  SD_OK *24 7 11 10 30 1, 24 7 11 10 30 0, 69, 0, 0, 652, 28.1, 
69thisMin / rtMin: 48 / 48
a.b.c.d.  SD_OK *24 7 11 10 31 1, 24 7 11 10 31 0, 70, 0, 0, 663, 28.0, 
70thisMin / rtMin: 49 / 49
a.b.c.d.  SD_OK *24 7 11 10 32 1, 24 7 11 10 32 0, 71, 0, 0, 656, 28.1, 
71thisMin / rtMin: 50 / 50
a.b.c.d.  SD_OK *24 7 11 10 33 1, 24 7 11 10 33 0, 72, 0, 0, 655, 28.0, 
72thisMin / rtMin: 51 / 51
a.b.c.d.  SD_OK *24 7 11 10 34 1, 24 7 11 10 34 0, 73, 0, 0, 650, 28.1, 
73thisMin / rtMin: 52 / 52
a.b.c.d.  SD_OK *24 7 11 10 35 1, 24 7 11 10 35 0, 74, 0, 0, 652, 28.1, 
74thisMin / rtMin: 53 / 53
a.b.c.d.  SD_OK *24 7 11 10 36 1, 24 7 11 10 36 0, 75, 0, 0, 653, 28.1, 
75thisMin / rtMin: 54 / 54
a.b.c.d.  SD_OK *24 7 11 10 37 1, 24 7 11 10 37 0, 76, 0, 0, 654, 28.1, 
76thisMin / rtMin: 55 / 55
a.b.c.d.  SD_OK *24 7 11 10 38 1, 24 7 11 10 38 0, 77, 0, 0, 653, 28.1, 
77thisMin / rtMin: 56 / 56
a.b.c.d.  SD_OK *24 7 11 10 39 1, 24 7 11 10 39 0, 78, 0, 0, 654, 28.1, 
78thisMin / rtMin: 57 / 57
a.b.c.d.  SD_OK *24 7 11 10 40 1, 24 7 11 10 40 0, 79, 0, 0, 653, 28.1, 
79thisMin / rtMin: 64 / 64
a.b.c.d.  SD_OK *24 7 11 10 41 1, 24 7 11 10 41 0, 80, 0, 0, 653, 28.1, 
80thisMin / rtMin: 65 / 65
a.b.c.d.  SD_OK *24 7 11 10 42 1, 24 7 11 10 42 0, 81, 0, 0, 652, 28.2, 
81thisMin / rtMin: 66 / 66
a.b.c.d.  SD_OK *24 7 11 10 43 1, 24 7 11 10 43 0, 82, 0, 0, 651, 28.2, 
82thisMin / rtMin: 67 / 67
a.b.c.d.  SD_OK *24 7 11 10 44 1, 24 7 11 10 44 0, 83, 0, 0, 651, 28.2, 
83thisMin / rtMin: 68 / 68
a.b.c.d.  SD_OK *24 7 11 10 45 1, 24 7 11 10 45 0, 84, 0, 0, 654, 28.3, 
84thisMin / rtMin: 69 / 69
a.b.c.d.  SD_OK *24 7 11 10 46 1, 24 7 11 10 46 0, 85, 0, 0, 649, 28.3, 
85thisMin / rtMin: 70 / 70
a.b.c.d.  SD_OK *24 7 11 10 47 1, 24 7 11 10 47 0, 86, 0, 0, 650, 28.3, 
86thisMin / rtMin: 71 / 71
a.b.c.d.  SD_OK *24 7 11 10 48 1, 24 7 11 10 48 0, 87, 0, 0, 636, 28.3, 
87thisMin / rtMin: 72 / 72
a.b.c.d.  SD_OK *24 7 11 10 49 1, 24 7 11 10 49 0, 88, 0, 0, 650, 28.4, 
88thisMin / rtMin: 73 / 73
a.b.c.d.  SD_OK *24 7 11 10 50 1, 24 7 11 10 50 0, 89, 0, 0, 610, 28.3, 
89thisMin / rtMin: 80 / 80
a.b.c.d.  SD_OK *24 7 11 10 51 1, 24 7 11 10 51 0, 90, 0, 0, 652, 28.4, 
90thisMin / rtMin: 81 / 81
a.b.c.d.  SD_OK *24 7 11 10 52 1, 24 7 11 10 52 0, 91, 0, 0, 651, 28.4, 
91thisMin / rtMin: 82 / 82
a.b.c.d.  SD_OK *24 7 11 10 53 1, 24 7 11 10 53 0, 92, 0, 0, 647, 28.4, 
92thisMin / rtMin: 83 / 83
a.b.c.d.  SD_OK *24 7 11 10 54 1, 24 7 11 10 54 0, 93, 0, 0, 651, 28.4, 
93thisMin / rtMin: 84 / 84
a.b.c.d.  SD_OK *24 7 11 10 55 1, 24 7 11 10 55 0, 94, 0, 0, 648, 28.5, 
94thisMin / rtMin: 85 / 85
a.b.c.d.  SD_OK *24 7 11 10 56 1, 24 7 11 10 56 0, 95, 0, 0, 640, 28.5, 
95thisMin / rtMin: 86 / 86
a.b.c.d.  SD_OK *24 7 11 10 57 1, 24 7 11 10 57 0, 96, 0, 0, 644, 28.5, 
96thisMin / rtMin: 87 / 87
a.b.c.d.  SD_OK *24 7 11 10 58 1, 24 7 11 10 58 0, 97, 0, 0, 642, 28.6, 
97thisMin / rtMin: 88 / 88
a.b.c.d.  SD_OK *24 7 11 10 59 1, 24 7 11 10 59 0, 98, 0, 0, 643, 28.5, 
98thisMin / rtMin: 89 / 89
a.b.c.d.  SD_OK *24 7 11 11 0 1, 24 7 11 11 0 0, 99, 0, 0, 647, 28.6, 
99thisMin / rtMin: 0 / 0
a.b.c.d.  SD_OK *24 7 11 11 1 1, 24 7 11 11 1 0, 100, 0, 0, 642, 28.6, 
100thisMin / rtMin: 1 / 1
a.b.c.d.  SD_OK *24 7 11 11 2 1, 24 7 11 11 2 0, 101, 0, 0, 647, 28.5, 
101thisMin / rtMin: 2 / 2
a.b.c.d.  SD_OK *24 7 11 11 3 1, 24 7 11 11 3 0, 102, 0, 0, 645, 28.6, 
102thisMin / rtMin: 3 / 3
a.b.c.d.  SD_OK *24 7 11 11 4 1, 24 7 11 11 4 0, 103, 0, 0, 649, 28.7, 
103thisMin / rtMin: 4 / 4
a.b.c.d.  SD_OK *24 7 11 11 5 1, 24 7 11 11 5 0, 104, 0, 0, 647, 28.7, 
104thisMin / rtMin: 5 / 5
a.b.c.d.  SD_OK *24 7 11 11 6 1, 24 7 11 11 6 0, 105, 0, 0, 645, 28.8, 
105thisMin / rtMin: 6 / 6
a.b.c.d.  SD_OK *24 7 11 11 7 1, 24 7 11 11 7 0, 106, 0, 0, 648, 28.9, 
106thisMin / rtMin: 7 / 7
a.b.c.d.  SD_OK *24 7 11 11 8 1, 24 7 11 11 8 0, 107, 0, 0, 647, 28.9, 
107thisMin / rtMin: 8 / 8
a.b.c.d.  SD_OK *24 7 11 11 9 1, 24 7 11 11 9 0, 108, 0, 0, 645, 28.10, 
108thisMin / rtMin: 9 / 9
a.b.c.d.  SD_OK *24 7 11 11 10 1, 24 7 11 11 10 0, 109, 0, 0, 647, 28.11, 
109thisMin / rtMin: 16 / 16
a.b.c.d.  SD_OK *24 7 11 11 11 1, 24 7 11 11 11 0, 110, 0, 0, 647, 28.11, 
110thisMin / rtMin: 17 / 17
a.b.c.d.  SD_OK *24 7 11 11 12 1, 24 7 11 11 12 0, 111, 0, 0, 647, 28.12, 
111thisMin / rtMin: 18 / 18
a.b.c.d.  SD_OK *24 7 11 11 13 1, 24 7 11 11 13 0, 112, 0, 0, 648, 28.13, 
112thisMin / rtMin: 19 / 19
a.b.c.d.  SD_OK *24 7 11 11 14 1, 24 7 11 11 14 0, 113, 0, 0, 648, 28.14, 
113thisMin / rtMin: 20 / 20
a.b.c.d.  SD_OK *24 7 11 11 15 1, 24 7 11 11 15 0, 114, 0, 0, 648, 28.14, 
114thisMin / rtMin: 21 / 21
a.b.c.d.  SD_OK *24 7 11 11 16 1, 24 7 11 11 16 0, 115, 0, 0, 647, 28.15, 
115thisMin / rtMin: 22 / 22
a.b.c.d.  SD_OK *24 7 11 11 17 1, 24 7 11 11 17 0, 116, 0, 0, 646, 29.0, 
116thisMin / rtMin: 23 / 23
a.b.c.d.  SD_OK *24 7 11 11 18 1, 24 7 11 11 18 0, 117, 0, 0, 643, 29.1, 
117thisMin / rtMin: 24 / 24
a.b.c.d.  SD_OK *24 7 11 11 19 1, 24 7 11 11 19 0, 118, 0, 0, 647, 29.2, 
118thisMin / rtMin: 25 / 25
a.b.c.d.  SD_OK *24 7 11 11 20 1, 24 7 11 11 20 0, 119, 1, 0, 681, 29.3, 
119thisMin / rtMin: 32 / 32
a.b.c.d.  SD_OK *24 7 11 11 21 1, 24 7 11 11 21 0, 120, 0, 0, 645, 29.3, 
120thisMin / rtMin: 33 / 33
a.b.c.d.  SD_OK *24 7 11 11 22 1, 24 7 11 11 22 0, 121, 0, 0, 664, 29.3, 
121thisMin / rtMin: 34 / 34
a.b.c.d.  SD_OK *24 7 11 11 23 1, 24 7 11 11 23 0, 122, 0, 0, 648, 29.4, 
122thisMin / rtMin: 35 / 35
a.b.c.d.  SD_OK *24 7 11 11 24 1, 24 7 11 11 24 0, 123, 0, 0, 652, 29.4, 
123thisMin / rtMin: 36 / 36
a.b.c.d.  SD_OK *24 7 11 11 25 1, 24 7 11 11 25 0, 124, 0, 0, 646, 29.5, 
124thisMin / rtMin: 37 / 37
a.b.c.d.  SD_OK *24 7 11 11 26 1, 24 7 11 11 26 0, 125, 0, 0, 643, 29.5, 
125thisMin / rtMin: 38 / 38
a.b.c.d.  SD_OK *24 7 11 11 27 1, 24 7 11 11 27 0, 126, 0, 0, 646, 29.5, 
126thisMin / rtMin: 39 / 39
a.b.c.d.  SD_OK *24 7 11 11 28 1, 24 7 11 11 28 0, 127, 0, 0, 648, 29.5, 
127thisMin / rtMin: 40 / 40
a.b.c.d.  SD_OK *24 7 11 11 29 1, 24 7 11 11 29 0, 128, 0, 0, 641, 29.6, 
128thisMin / rtMin: 41 / 41
a.b.c.d.  SD_OK *24 7 11 11 30 1, 24 7 11 11 30 0, 129, 0, 0, 646, 29.6, 
129thisMin / rtMin: 48 / 48
a.b.c.d.  SD_OK *24 7 11 11 31 1, 24 7 11 11 31 0, 130, 0, 0, 646, 29.6, 
130thisMin / rtMin: 49 / 49
a.b.c.d.  SD_OK *24 7 11 11 32 1, 24 7 11 11 32 0, 131, 0, 0, 644, 29.7, 
131thisMin / rtMin: 50 / 50
a.b.c.d.  SD_OK *24 7 11 11 33 1, 24 7 11 11 33 0, 132, 0, 0, 656, 29.7, 
132thisMin / rtMin: 51 / 51
a.b.c.d.  SD_OK *24 7 11 11 34 1, 24 7 11 11 34 0, 133, 0, 0, 650, 29.7, 
133thisMin / rtMin: 52 / 52
a.b.c.d.  SD_OK *24 7 11 11 35 1, 24 7 11 11 35 0, 134, 0, 0, 649, 29.7, 
134thisMin / rtMin: 53 / 53
a.b.c.d.  SD_OK *24 7 11 11 36 1, 24 7 11 11 36 0, 135, 0, 0, 647, 29.8, 
135thisMin / rtMin: 54 / 54
a.b.c.d.  SD_OK *24 7 11 11 37 1, 24 7 11 11 37 0, 136, 0, 0, 635, 29.8, 
136thisMin / rtMin: 55 / 55
a.b.c.d.  SD_OK *24 7 11 11 38 1, 24 7 11 11 38 0, 137, 0, 0, 646, 29.8, 
137thisMin / rtMin: 56 / 56
a.b.c.d.  SD_OK *24 7 11 11 39 1, 24 7 11 11 39 0, 138, 0, 0, 671, 29.8, 
138thisMin / rtMin: 57 / 57
a.b.c.d.  SD_OK *24 7 11 11 40 1, 24 7 11 11 40 0, 139, 0, 0, 647, 29.8, 
139thisMin / rtMin: 64 / 64
a.b.c.d.  SD_OK *24 7 11 11 41 1, 24 7 11 11 41 0, 140, 0, 0, 645, 29.8, 
140thisMin / rtMin: 65 / 65
a.b.c.d.  SD_OK *24 7 11 11 42 1, 24 7 11 11 42 0, 141, 0, 0, 647, 29.8, 
141thisMin / rtMin: 66 / 66
a.b.c.d.  SD_OK *24 7 11 11 43 1, 24 7 11 11 43 0, 142, 0, 0, 671, 29.8, 
142thisMin / rtMin: 67 / 67
a.b.c.d.  SD_OK *24 7 11 11 44 1, 24 7 11 11 44 0, 143, 0, 0, 646, 29.8, 
143thisMin / rtMin: 68 / 68
a.b.c.d.  SD_OK *24 7 11 11 45 1, 24 7 11 11 45 0, 144, 0, 0, 639, 29.9, 
144thisMin / rtMin: 69 / 69
a.b.c.d.  SD_OK *24 7 11 11 46 1, 24 7 11 11 46 0, 145, 0, 0, 648, 29.9, 
145thisMin / rtMin: 70 / 70
a.b.c.d.  SD_OK *24 7 11 11 47 1, 24 7 11 11 47 0, 146, 0, 0, 646, 29.9, 
146thisMin / rtMin: 71 / 71
a.b.c.d.  SD_OK *24 7 11 11 48 1, 24 7 11 11 48 0, 147, 0, 0, 647, 29.10, 
147thisMin / rtMin: 72 / 72
a.b.c.d.  SD_OK *24 7 11 11 49 1, 24 7 11 11 49 0, 148, 0, 0, 644, 29.10, 
148thisMin / rtMin: 73 / 73
a.b.c.d.  SD_OK *24 7 11 11 50 1, 24 7 11 11 50 0, 149, 0, 0, 648, 29.11, 
149thisMin / rtMin: 80 / 80
a.b.c.d.  SD_OK *24 7 11 11 51 1, 24 7 11 11 51 0, 150, 0, 0, 652, 29.11, 
150thisMin / rtMin: 81 / 81
a.b.c.d.  SD_OK *24 7 11 11 52 1, 24 7 11 11 52 0, 151, 0, 0, 651, 29.11, 
151thisMin / rtMin: 82 / 82
a.b.c.d.  SD_OK *24 7 11 11 53 1, 24 7 11 11 53 0, 152, 0, 0, 648, 29.11, 
152thisMin / rtMin: 83 / 83
a.b.c.d.  SD_OK *24 7 11 11 54 1, 24 7 11 11 54 0, 153, 0, 0, 625, 29.11, 
153thisMin / rtMin: 84 / 84
a.b.c.d.  SD_OK *24 7 11 11 55 1, 24 7 11 11 55 0, 154, 0, 0, 648, 29.12, 
154thisMin / rtMin: 85 / 85
a.b.c.d.  SD_OK *24 7 11 11 56 1, 24 7 11 11 56 0, 155, 0, 0, 647, 29.12, 
155thisMin / rtMin: 86 / 86
a.b.c.d.  SD_OK *24 7 11 11 57 1, 24 7 11 11 57 0, 156, 0, 0, 650, 29.13, 
156thisMin / rtMin: 87 / 87
  SD    Y  M D H M  S  loop dry pmp moist temp
  SD_OK *24 7 11 12 0 38, 24 7 11 12 0 0, 160, 2, 0, 802, 29.15, 
160thisMin / rtMin: 0 / 0
a.b.c.d.  SD_OK *24 7 11 12 1 1, 24 7 11 12 1 0, 160, 3, 0, 803, 29.15, 
160thisMin / rtMin: 1 / 1
a.b.c.d.  SD_OK *24 7 11 12 2 1, 24 7 11 12 2 0, 161, 4, 0, 806, 30.0, 
161thisMin / rtMin: 2 / 2
a.b.c.d.  SD_OK *24 7 11 12 3 1, 24 7 11 12 3 0, 162, 5, 0, 803, 30.1, 
162thisMin / rtMin: 3 / 3
a.b.c.d.  SD_OK *24 7 11 12 4 1, 24 7 11 12 4 0, 163, 6, 0, 795, 30.1, 
163thisMin / rtMin: 4 / 4
a.Pump Activated
Pump Off
b.c.d.  SD_OK *24 7 11 12 5 16, 24 7 11 12 5 0, 164, 1, 1, 804, 30.2, 
164thisMin / rtMin: 5 / 5
a.b.c.d.  SD_OK *24 7 11 12 6 1, 24 7 11 12 6 0, 165, 2, 1, 801, 32.2, 
165thisMin / rtMin: 6 / 6
a.b.c.d.  SD_OK *24 7 11 12 7 1, 24 7 11 12 7 0, 166, 3, 1, 803, 31.10, 
166thisMin / rtMin: 7 / 7
a.b.c.d.  SD_OK *24 7 11 12 8 1, 24 7 11 12 8 0, 167, 4, 1, 804, 31.3, 
167thisMin / rtMin: 8 / 8
